2232212212212222211221231124224222213132222133122224222123222112324122222122221322222225222342243112
2222312114222314322223142323251122424322142244122212213222222222242526225232262212234353242222112242
3325444446453345434534234244443254434533443354443344424431124344542134454433534353443542455544444483
2334235313232232645234524223233333333323323333233334323332325633143222333322242333132233233132212325
2234311224123424222222224432222333212224412234223312244413252153222112433222334322772215422121224273
4522445145543645454343253542221455532354534564325445322522535254222337733425252243221532745237255133
2214225223121214462323123283942523226421423233325342644222213411423272383842222442422213122912324522
2122242232325524322242212232524425223232232233432221122322233512432222441122422314222122221222212225
8222353391373332335354222456125222358233122233316323355352531234333527222223352436381343533536331244
2127632636444323427265228625582625772229446462233352433587748742382622354425852874557228522772714265
